0.0036363636363636364
0.007272727272727273
0.038181818181818185
0.005454545454545455
0.0036363636363636364
0.007272727272727273
0.007272727272727273
0.0036363636363636364
0.00909090909090909
0.0018181818181818182
0.012727272727272728
0.02181818181818182
0.10909090909090909
0.014545454545454545
0.02
0.023636363636363636
0.00909090909090909
0.007272727272727273
0.0036363636363636364
0.0018181818181818182
0.012727272727272728
0.01818181818181818
0.0018181818181818182
0.005454545454545455
0.00909090909090909
0.005454545454545455
0.00909090909090909
0.00909090909090909
0.007272727272727273
0.0
0.01818181818181818
0.012727272727272728
0.0018181818181818182
0.05818181818181818
0.0
0.016363636363636365
0.0
0.02181818181818182
0.0036363636363636364
0.01818181818181818
0.02909090909090909
0.00909090909090909
0.0
0.04181818181818182
0.005454545454545455
0.03636363636363636
0.04181818181818182
0.007272727272727273
0.012727272727272728
0.02727272727272727
0.07818181818181819
0.005454545454545455
0.005454545454545455
0.005454545454545455
0.01818181818181818
0.02909090909090909
0.0018181818181818182
0.0036363636363636364
0.02181818181818182
0.005454545454545455
0.01818181818181818
0.00909090909090909
0.005454545454545455
0.00909090909090909
0.0
0.0018181818181818182
0.00909090909090909
0.01090909090909091
0.0018181818181818182
0.007272727272727273
0.0018181818181818182
0.007272727272727273
0.0
0.005454545454545455
0.02181818181818182
0.012727272727272728
0.0
0.005454545454545455
0.0
0.0
0.0
0.0018181818181818182
0.0036363636363636364
0.0018181818181818182
0.0
0.0018181818181818182
0.0
0.0
0.0018181818181818182
0.0018181818181818182
0.0
0.0
