0.0023901962661852134
0.010399053739968236
0.027338568831982546
0.004128794127577729
0.0023004226453276376
0.004878970126009921
0.007002032878841972
0.01302632769641984
0.005248359915443618
0.0020930097523618155
0.01646396239540512
0.01931079603333057
0.10527850450227205
0.01806851867103492
0.015449736507623393
0.03145600521083719
0.004297406535247437
0.013920363880164937
0.0009964075647547466
0.008426378881445562
0.017341225959616003
0.02327255103514991
0.0021452150513153667
0.0010105279462873087
0.006175356088665935
0.0016860436195640335
0.016445905263018416
0.005710301022540081
0.005378285166294006
0.003960783143173634
0.020550614651081607
0.009484182910993077
0.0003091521406422013
0.05478728456925655
0.005676138154959314
0.022262815221646408
0.0046983396098091755
0.027956839744910242
0.001208471757519783
0.025773713856681944
0.03425995677380344
0.01056037060595631
0.005564486824619965
0.034618644012527656
0.011958672952424946
0.026826288715232703
0.03617059925596007
0.010453290131855386
0.027668919291446072
0.031176440941921714
0.0902875373088615
0.00289668826363117
0.004215626873148366
0.005191277628212429
0.01378085281411054
0.02645198237592451
0.0009029071261353295
0.008902739360502667
0.01674473788138357
0.00795434554674186
0.01708229093582358
0.006891940185064455
0.008419751981363854
0.002222973778856366
0.0012814442753584351
0.00928880808001941
0.0044521919243911915
0.012582028450029275
0.0012023127789748066
0.009840103275277592
0.008713876429202412
0.004741167018993521
0.001548788198379314
0.00439044924239821
0.014429790434728057
0.015186224385953705
4.546880761486991e-5
0.004861251808250763
0.0039758696814260995
0.0015719840171706896
0.0
0.00810601303047116
0.002583613730574153
0.001470820000724248
0.0012320618572893055
0.004602829210622669
0.0
0.0
0.0
3.317532989831964e-5
0.0014026925786072965
1.0953862331858213e-5
