0.007794364225141514
0.005066889032464802
0.017363444821003788
0.0010532482786437623
6.494687345751175e-6
0.0036104174270006326
0.002691165959629661
0.01069245931110368
0.0072404148758799716
0.0006135805828686537
0.017835530608738277
0.013374669202736939
0.13774592945283365
0.01472519957311823
0.02295143072732469
0.012448738644552232
0.0024408313590366126
0.010574657777826551
0.003087548189445423
0.012755431477978672
0.019487028850611734
0.02356188265554949
8.974538675551164e-5
0.0
0.0042922682945468775
0.0025382594882727653
0.006749137763269083
0.0023229106376216647
0.005298181198761061
0.007228940588450715
0.011524044950132973
0.002492956694442817
0.0006071411756446621
0.058437318317503054
0.00105721046970937
0.012108734788084673
0.0103852836153685
0.034603941404455676
1.300998537503881e-6
0.009912549431798288
0.03007366529394847
0.007813841847202376
0.0015823427122146898
0.020076715017365406
0.01108705525549638
0.024414693756990388
0.04448645292590895
0.00707362807143846
0.030921064625926382
0.03874737894194498
0.086740002618481
0.0015571386458096334
0.00210198960566993
0.008987720298837782
0.010209830101712879
0.010368673581472889
0.0015546342555629571
0.00734405809323199
0.0190698442424431
0.0063880972076952695
0.01950062672176799
0.00955286709682334
0.0058169407605324795
4.837947341401435e-5
0.00024120119099527485
0.00690717867138826
0.0038712636401039683
0.0016071006666737817
0.004765837303085865
0.003807608710491689
0.009480168059159461
0.005220545039288054
0.0037519068067349923
0.0047389537521533584
0.012409078766946906
0.03702580392727212
0.0
0.004066861831574906
0.0032066193326964437
0.0006875782314178268
5.810944567170373e-6
0.01437902176967957
0.012827209330117467
0.0034729357326100723
0.00038186920835874054
8.567429141335905e-5
5.898582504727142e-6
7.182360123536594e-5
0.0
0.0
0.0002486820890609615
0.0
