0.0008687758575102478
0.0012933959355419377
0.029699890676958468
0.0016254954053682425
0.0011766292350618383
0.013855173526656803
0.0045143521509839295
0.012212803889309155
0.0043321439914530725
0.0003436641458520051
0.005592990855742348
0.012708957568247133
0.11078839547059538
0.0219631552528761
0.01519433115222864
0.020229275720031453
0.004627301627702914
0.007374453399091531
0.0021306493168406636
0.013461245142130662
0.018423817649087428
0.018985011222738733
0.0013181783745563522
0.0007214701503478738
0.008428411742473071
0.0009459819774604765
0.03262914681905019
0.001312038881508973
0.0016318450740006815
0.0006254030802697159
0.008457305122007326
0.005337951999320876
0.00011439618582475723
0.06681319398357821
0.0038963451012721676
0.0050585050187849125
0.0017089618543523106
0.020590204995067554
8.91148361670613e-6
0.015485631112198231
0.017799814549473474
0.006449624354417786
0.0011203102367710414
0.03954516794820302
0.015516604748780598
0.05610224414971069
0.07841842129175576
0.0036422920055952344
0.0053900257284082475
0.02660052657467079
0.0841119245206055
0.008028559139807889
0.00411658131301627
0.009449674271366568
0.026572222824814723
0.02461104864101896
0.0012492062898496583
0.004537888701657492
0.00936652498697841
0.004522314684263713
0.04774775023613794
0.00564652330804281
0.00962722623635313
0.00015957844576889563
5.6359945980981184e-5
0.005812913182083876
0.009924119143705454
0.0013615805173190342
0.00031252930685052825
0.0041609780168080255
0.01322176695014759
0.0005120992769643656
0.0006073936827326952
0.01079259593044572
0.010239342744725986
0.019708849076392684
5.410230746201273e-6
0.0010209348261273367
0.0005547078691203075
0.0001262239100677116
3.7972520805957457e-6
0.005114145708041312
0.005070012843024814
2.742005170008376e-5
0.0008571504551618289
0.007066219751331562
1.2662592297223612e-5
1.0495712501521241e-6
0.0
1.6213294901819495e-5
0.00011216005131388135
0.0
