35.159480365363336
86.09780185328717
253.69092571329224
24.35697368971894
13.090572616156829
65.75518406229385
56.61475456265403
98.59999173400936
75.11143157686307
9.080512420185247
94.74979844287861
189.91934535404357
989.6660186217293
183.4032522485025
118.95255268518873
211.36170552155383
41.61726800667031
95.2168459765552
25.4811181432122
49.26433809791574
151.32862085778095
176.9433286154791
13.16997933228597
12.647896233223554
44.72652434100683
20.26417208299065
134.4256913435492
52.30664282307105
57.25035700512601
28.58665607289041
176.52782426204928
48.34681931901062
10.441465210780645
378.5027968298204
26.92712167505048
144.2177855975715
42.352362690333194
187.63803932666679
5.343174533608582
128.77449711250875
236.81312923428604
72.92838080261252
42.060347339944805
266.86864685164386
78.7911786927358
271.918164516235
338.1876488584427
75.22583872880907
170.13970804224013
267.82203413697846
618.6326056765373
31.3680014826003
23.28852459754256
60.81276779575528
151.07444283749467
207.94678383948784
8.508898346653272
62.03409219967071
130.34772265800152
53.56355320882863
188.34254831191487
67.5296469825524
55.83616399601343
20.527247398156117
1.8569289177334947
51.33783355083948
51.40252185870297
64.81431174618953
16.424297901959555
95.93111784204567
53.42946794187102
34.39385850548704
14.615217664297225
46.60101568021692
116.0031468553172
131.60659957484884
1.4550018094308046
25.32268958532029
27.266343313757112
7.185507788322474
0.2727160615101143
51.424382631517545
52.56610034213856
9.572036592908596
6.006772587178301
16.16581232517444
4.16453294415961
0.7861563586446207
1.3651210919712917
7.581873429855748
2.598120759676969
0.3708108469077083
